4.188025 4.27769722222
4.5293125 1.33108055556
4.52924583333 1.33106388889
8.45846666667 48.3456111111
8.4591 48.3456944444
8.45904166667 48.3456138889
10.8404208333 41.3660055556
15.8823 9.13054166667
15.8822958333 9.13075
16.8904166667 42.2957222222
17.2629791667 42.3174277778
17.9624458333 42.0727472222
20.2438416667 29.7397194444
20.2438041667 29.7410611111
22.2677666667 9.27138333333
26.416625 17.1882694444
26.6377958333 17.3511611111
28.6514125 11.6926916667
28.8207666667 9.33196944444
31.477175 29.69585
33.1931958333 10.5485277778
33.1930958333 10.54855
43.8897041667 11.5549083333
44.3083208333 13.4904055556
44.3082375 13.4904277778
44.6465166667 14.0020388889
44.8703458333 14.2977416667
45.4118208333 13.8564027778
45.4118166667 13.8564027778
45.412 13.8563666667
45.4116541667 13.8563388889
45.4116666667 13.8564083333
45.4119375 13.8563083333
45.41215 13.856575
45.41195 13.8564583333
45.4121791667 13.8563388889
45.4119958333 13.8563722222
45.7495291667 14.8405888889
46.3043208333 13.1802833333
46.573275 14.1062944444
46.8178375 10.4437555556
46.9576041667 15.1684611111
47.0051583333 12.490975
47.0037041667 12.4919222222
47.0035875 12.4920194444
47.0036291667 12.4918555556
47.1521458333 12.5924583333
47.1520375 12.5924833333
47.1520125 12.5924583333
47.1668958333 13.9480138889
47.2526708333 12.9516194444
47.253525 12.9514972222
47.2726916667 14.5643833333
47.27275 14.5645027778
47.2727708333 14.5644333333
47.6096541667 14.2125111111
48.1200291667 10.7184583333
48.1202291667 10.7184305556
48.1109208333 12.0965027778
48.110975 12.0964805556
48.1109416667 12.0964277778
48.1109625 12.0963777778
48.4149 11.4471361111
48.7968666667 12.6606666667
50.9777458333 14.2392388889
51.126625 13.8383638889
51.166425 13.9837916667
51.2226208333 14.4259361111
53.6270166667 18.971375
54.2136375 18.9907111111
54.3693166667 17.6548083333
54.4780166667 30.4270166667
55.1057875 30.5517694444
55.1058125 30.551775
55.1058291667 30.5518361111
55.105625 30.5516305556
55.105775 30.5517638889
55.1058 30.5517388889
55.8823666667 27.5779833333
55.8828 27.5782333333
55.8852791667 27.6088972222
56.4659166667 28.1784111111
56.4659541667 28.1782027778
56.4658166667 28.1782333333
56.892425 16.7317166667
57.420275 15.5980361111
57.8608708333 26.6626805556
57.8532625 26.9057361111
57.8532458333 26.9057638889
57.8533 26.9057388889
59.970225 30.8966638889
60.126375 29.1510861111
60.1263791667 29.1510972222
60.1266541667 29.1510361111
60.1266666667 29.1510527778
60.1269666667 29.1511222222
60.1269458333 29.1511333333
60.1268875 29.1510944444
60.1267958333 29.1512
61.3841583333 27.5539527778
61.38415 27.5539472222
61.67825 29.0336416667
61.8347916667 49.0366722222
61.8348791667 49.0366583333
62.4538291667 28.3771527778
62.6299458333 49.3949694444
62.6298416667 49.3949888889
63.9991083333 49.6501388889
64.4963 49.1759833333
64.5634666667 49.6618138889
64.5629291667 49.6639194444
66.4159375 10.312275
66.4159208333 10.3121027778
66.4160291667 10.3120972222
66.4551208333 9.08477222222
66.4551416667 9.084775
66.4551208333 9.08471111111
67.13465 10.6777638889
67.1346833333 10.6777638889
67.2308875 9.55062777778
67.2307875 9.55023888889
67.2737041667 9.18254722222
67.2737 9.1825
67.2736375 9.182575
68.5906666667 9.32303611111
68.5907333333 9.32306666667
68.5907375 9.32317222222
68.7715625 8.8813
70.5342291667 8.13911388889
70.7351083333 7.91186111111
70.9378083333 8.37933888889
72.4035708333 10.7417611111
72.4851625 9.53585833333
73.6001666667 38.5121527778
73.600025 38.5121888889
76.9845208333 18.3885638889
77.1777666667 18.4007361111
79.0470541667 15.5891888889
79.3694833333 27.0749666667
79.3695 27.0749027778
79.3792708333 26.1718722222
79.4822958333 26.3074083333
79.6299208333 27.0320555556
79.6299083333 27.0319888889
79.7173666667 26.5931472222
79.95435 15.1815416667
80.0005958333 14.9367861111
80.0971166667 21.2394694444
80.2492833333 15.4293333333
80.2493875 15.4293416667
80.2490666667 15.4294416667
80.4516666667 15.2981277778
80.4516166667 15.2981888889
80.4545083333 26.7090138889
80.4543833333 26.7089361111
80.4543541667 26.7089611111
80.5047541667 15.4215388889
80.5068791667 26.9920666667
80.506875 26.9921194444
80.5069041667 26.9920972222
80.5418333333 20.0973305556
80.5877958333 15.3188444444
80.6577375 20.9628444444
80.6674166667 15.1253666667
80.7243 15.5079527778
80.7719791667 27.1976361111
80.7718708333 27.1976194444
80.7717291667 27.1974611111
80.9653083333 14.4973333333
81.018625 19.5013638889
81.0185208333 19.5015138889
81.0492791667 20.0097027778
81.0493291667 20.0096138889
81.0899041667 14.7731361111
81.0899041667 14.9403361111
81.3142208333 19.2868666667
81.3142708333 19.2869777778
81.314325 19.2868972222
81.2930875 19.3411083333
81.2930583333 19.3411611111
81.3798833333 19.7568277778
81.823575 20.018975
81.944775 27.7191805556
81.9447958333 27.7193611111
82.1290625 20.1786888889
82.1291041667 20.178675
82.3981583333 29.4609305556
82.5160166667 29.5414444444
82.6250291667 19.8766638889
82.8158208333 29.9334083333
82.9422041667 19.5810166667
83.011275 20.32645
83.0541666667 30.29945
83.054125 30.2994611111
83.0541333333 30.2994833333
83.136725 30.438775
83.1366541667 30.4387694444
83.1366375 30.4387638889
83.1437083333 30.5431666667
83.4478958333 19.4875777778
83.5676166667 27.8250638889
83.6609041667 28.512
83.981575 27.5093777778
83.9896291667 28.7406472222
83.9896625 28.7406611111
84.00595 27.8854583333
84.0060041667 27.8854666667
84.0386375 28.4187305556
84.0387041667 28.4186583333
84.0386708333 28.4186722222
84.0775041667 30.2955
84.2039 29.9553444444
85.26585 10.1884222222
85.8821916667 28.2894472222
85.9369333333 27.576925
85.9367875 27.5770222222
100.084841667 23.8627666667
100.300070833 24.074825
101.3063375 26.2668444444
101.29355 27.8263361111
101.648979167 26.7149972222
101.6957375 26.6872638889
101.794983333 26.5458888889
101.833158333 27.3149611111
102.687754167 27.7100277778
102.687316667 27.7104472222
102.687525 27.7103194444
102.6876 27.7104638889
102.687729167 27.7105027778
103.527491667 26.5465055556
103.868329167 26.5987444444
104.103608333 19.9430583333
104.167558333 19.9373972222
104.24835 24.6038111111
104.610816667 24.5987722222
104.803408333 19.2660027778
105.084375 19.4811888889
105.209345833 17.4656416667
105.39335 23.8189444444
114.096175 20.9644083333
114.096025 20.9642888889
114.139579167 20.756625
114.2337875 20.1125722222
114.996616667 19.2832361111
115.31705 20.4144416667
115.3468875 18.1498194444
115.428170833 18.1094277778
115.487208333 19.9248555556
115.4874 19.9256222222
115.487170833 19.9254777778
115.487625 19.9254777778
115.487583333 19.9253638889
115.732145833 18.5791055556
115.750766667 16.4858027778
115.904883333 20.7062333333
115.998929167 15.8459722222
116.0016125 20.1129444444
116.058354167 20.2567888889
116.145633333 20.3709333333
116.39885 17.6993194444
116.981058333 20.8211416667
116.981108333 20.9829444444
116.981145833 21.071725
117.0008125 17.5727777778
117.000866667 20.2725166667
117.058475 21.1483777778
117.129270833 16.5826277778
117.1877875 20.7490444444
117.602079167 18.91505
117.967175 19.3377388889
118.36795 17.8197527778
118.4812 18.1240888889
118.49675 18.7819416667
122.036170833 19.1508944444
122.163833333 19.8026416667
122.417133333 19.5343861111
122.792766667 19.3134527778
129.3857875 17.5441666667
129.771825 17.4283111111
130.020366667 15.1290472222
130.823420833 16.9116166667
131.066208333 17.01385
131.065070833 17.0138916667
131.075291667 17.1585166667
131.100045833 17.0270527778
131.911504167 17.7095194444
131.911420833 17.7096277778
131.9117875 17.7093777778
131.9117625 17.7094416667
132.027920833 17.1920638889
132.0785375 16.9888277778
132.827866667 29.5500083333
133.128270833 18.4016861111
133.128220833 18.4016027778
133.128125 18.4016416667
133.144125 18.6304277778
133.199208333 18.8654027778
133.1991375 18.8655694444
133.1991 18.8655055556
133.4155 16.2288777778
133.415420833 16.2289027778
133.4829625 17.9436583333
133.4830125 17.9436666667
133.6928375 30.2932472222
133.692516667 30.2933972222
133.693920833 30.2928805556
133.776145833 15.8371083333
136.097654167 28.7017666667
136.097791667 28.7018194444
136.378025 29.0491666667
136.419508333 29.6003944444
136.9707 29.6679555556
137.248779167 28.8510361111
137.261041667 18.9119361111
137.653766667 29.2451805556
137.653791667 29.2451638889
137.653775 29.2451916667
137.802416667 19.8304166667
137.802566667 19.830575
138.416516667 18.9872444444
142.388691667 10.9530861111
143.619575 12.8979388889
143.619741667 12.8979138889
143.619583333 12.8980055556
144.899708333 13.3008444444
145.113491667 10.9556583333
145.113383333 10.9557666667
145.4451375 11.6371972222
145.444945833 11.6371916667
145.469225 12.4015527778
145.894033333 13.1647277778
145.966625 12.854775
145.9666375 12.8547583333
145.966516667 12.854825
146.121629167 10.4218083333
146.3343375 10.9327138889
155.694604167 18.3279527778
155.968975 17.6785222222
155.968958333 17.6785444444
155.969033333 17.6785444444
155.968945833 17.6785916667
156.120141667 17.8376583333
156.120208333 17.8376638889
156.120208333 17.8375583333
156.120170833 17.8376416667
156.25325 18.7170444444
157.1228625 15.2123444444
157.123029167 15.2124694444
157.122904167 15.2123583333
157.692275 15.2296833333
157.692779167 15.2293333333
160.899066667 14.3535333333
161.279383333 14.3132638889
161.6193625 16.1515166667
162.177783333 14.4076805556
169.448741667 2.53132777778
169.8145125 2.92910833333
171.321470833 2.44693611111
171.3213875 2.44684722222
171.376816667 2.11928611111
171.376704167 2.11979166667
171.376745833 2.12006388889
173.099529167 5.12635277778
177.5178375 0.628030555556
180.354525 0.473508333333
184.265783333 0.939336111111
184.265716667 0.939633333333
184.867566667 1.60258055556
184.946275 2.09055
184.946283333 2.09053055556
184.946195833 2.09044166667
185.609366667 2.10340277778
231.914245833 -5.12212777778
231.914316667 -5.12205
231.914129167 -5.12190833333
232.480670833 -6.22045833333
232.480858333 -6.22033611111
233.478654167 -5.95488611111
233.478679167 -5.95473888889
233.478570833 -5.95488333333
234.043929167 -6.36831388889
234.043920833 -6.36822222222
234.33295 -7.52936944444
234.697116667 -6.82390277778
234.922375 -5.96728055556
234.922408333 -5.967225
235.3479 -5.70820555556
235.9187 -5.686775
235.939279167 -7.08518611111
236.1379875 -7.41780833333
236.137883333 -7.41776666667
236.171679167 -7.09219722222
236.363975 -6.64376944444
236.364041667 -6.64376388889
236.3642125 -6.64381111111
236.548483333 -5.71236388889
252.241658333 69.3470083333
252.241791667 69.3471805556
252.2416875 69.3472944444
258.0968875 -13.4520277778
258.0968875 -13.4520277778
258.0968875 -13.4520277778
258.0968875 -13.4520277778
258.096758333 -13.452625
258.096829167 -13.4524916667
258.0968375 -13.4525611111
258.1171125 -14.2439611111
258.135220833 -15.5276166667
258.135216667 -15.5278
258.135216667 -15.5278
258.135216667 -15.5278
258.135216667 -15.5278
258.135129167 -15.5278638889
258.273370833 -14.5604527778
258.273370833 -14.5604527778
258.273370833 -14.5604527778
258.273370833 -14.5604527778
258.2732875 -14.56045
258.273275 -14.5604611111
258.2569375 -15.2791472222
258.2569375 -15.2791472222
258.2569375 -15.2791472222
258.2569375 -15.2791472222
258.2569375 -15.2791833333
258.256858333 -15.2791222222
258.343129167 -13.5809388889
258.343129167 -13.5809388889
258.343129167 -13.5809388889
258.343129167 -13.5809388889
258.342725 -13.5813111111
258.342704167 -13.5812611111
258.342658333 -13.5814166667
258.4903875 -13.7158083333
258.4974375 -14.5354388889
259.3978 -15.5440027778
259.435304167 -15.5678833333
259.435304167 -15.5678833333
259.435304167 -15.5678833333
259.435304167 -15.5678833333
259.512791667 -14.5169861111
259.512791667 -14.5169861111
259.512791667 -14.5169861111
259.512791667 -14.5169861111
259.5129125 -14.5169111111
259.5132 -14.5170361111
259.73065 -13.6295194444
259.73065 -13.6295194444
259.73065 -13.6295194444
259.73065 -13.6295194444
259.730658333 -13.6294888889
259.730645833 -13.6295333333
259.804058333 -13.6894277778
259.804058333 -13.6894277778
259.804058333 -13.6894277778
259.804058333 -13.6894277778
259.804 -13.6894388889
259.804004167 -13.689475
259.910958333 -14.1634972222
259.910958333 -14.1634972222
259.910958333 -14.1634972222
259.910958333 -14.1634972222
259.953770833 -14.2202472222
259.953770833 -14.2202472222
259.953770833 -14.2202472222
259.953770833 -14.2202472222
259.953679167 -14.2200527778
259.9179375 -15.3988805556
259.9179375 -15.3988805556
259.9179375 -15.3988805556
259.9179375 -15.3988805556
259.917866667 -15.3989472222
260.063079167 -14.4521666667
260.063079167 -14.4521666667
260.063079167 -14.4521666667
260.063079167 -14.4521666667
260.063345833 -14.4521
260.087504167 -14.2355555556
260.087504167 -14.2355555556
260.087504167 -14.2355555556
260.087504167 -14.2355555556
261.1829875 -14.2989527778
261.182820833 -14.2989944444
261.2240625 -14.0413916667
261.239383333 -15.5866638889
261.2324875 -15.6139694444
261.2688875 -15.3911444444
261.317275 -13.9401527778
261.324079167 -14.0231444444
261.3235125 -14.6387166667
261.3235125 -14.6387166667
261.3235125 -14.6387166667
261.3235125 -14.6387166667
261.361245833 -13.9288916667
261.361245833 -13.9288916667
261.361245833 -13.9288916667
261.361245833 -13.9288916667
261.361583333 -13.9284833333
261.361775 -14.2601055556
261.361775 -14.2601055556
261.361775 -14.2601055556
261.361775 -14.2601055556
261.36185 -14.2601055556
261.361729167 -14.2601361111
261.368216667 -14.4855416667
261.368216667 -14.4855416667
261.368216667 -14.4855416667
261.368216667 -14.4855416667
261.368220833 -14.4855638889
261.400983333 -15.5168416667
261.400983333 -15.5168416667
261.400983333 -15.5168416667
261.400983333 -15.5168416667
261.445108333 -15.3700111111
261.4921875 -15.2909694444
261.4921875 -15.2909694444
261.4921875 -15.2909694444
261.4921875 -15.2909694444
261.4921875 -15.2910305556
261.4921875 -15.2910194444
261.520604167 -13.6660694444
261.520604167 -13.6660694444
261.520604167 -13.6660694444
261.520604167 -13.6660694444
261.606620833 -14.5370833333
261.606620833 -14.5370833333
261.606620833 -14.5370833333
261.606620833 -14.5370833333
261.606570833 -14.5370944444
261.725595833 -14.0817666667
261.843270833 -15.0205722222
262.846758333 -14.1447916667
262.865241667 -15.4555444444
262.918379167 -14.7504222222
262.983441667 -13.7717861111
262.983441667 -13.7717861111
262.983441667 -13.7717861111
262.983441667 -13.7717861111
262.983483333 -13.7717444444
262.9834625 -13.7716722222
263.021333333 -14.7286305556
263.064754167 -14.3603722222
263.1425 -13.7632055556
263.1425 -13.7632055556
263.1425 -13.7632055556
263.1425 -13.7632055556
263.142454167 -13.7631527778
263.142425 -13.7632
263.1979875 -14.4888638889
263.27185 -14.5256861111
263.387120833 -13.4143
263.387129167 -13.4143027778
263.463045833 -13.5739583333
280.8331 63.4214694444
280.8410375 63.4206055556
280.836091667 63.4209
281.5942375 63.3906416667
307.018558333 21.3419694444
307.019054167 21.3563555556
307.086966667 21.2769305556
307.0871 21.279175
307.171670833 21.4243694444
307.3080875 21.0272694444
307.582295833 21.1132527778
307.5821875 21.1132611111
307.582120833 21.1132555556
307.582120833 21.1132194444
307.582166667 21.1131805556
307.582104167 21.11325
307.582195833 21.1133472222
307.582095833 21.1131722222
307.582129167 21.1132472222
323.087983333 18.3768388889
323.270154167 18.9523916667
323.307779167 18.699575
323.3170375 18.7011194444
323.3168625 18.7021944444
323.452508333 19.0312555556
323.49715 19.1264805556
323.560783333 19.10825
327.683125 -0.236847222222
327.830954167 0.421125
339.261683333 34.0730555556
339.261625 34.0730277778
339.2617375 34.0729527778
339.2617 34.07295